440.21
214.68
440.08
220.47
445.51
206.09
442.63
281.85
269.79
336.06
240.31
187.77
282.69
424.1
290.37
425.67
423.47
349.14
417.31
409.84
370.25
189.04
262.99
280.07
431.28
284.34
278.14
301.23
252.71
410.35
344.09
354.75
349.03
258.81
296.92
305.79
370.33
197.81
411.0
367.53
195.18
280.36
311.06
359.38
176.19
195.24
432.73
256.61
361.51
333.67
411.06
388.28
241.36
416.57
381.93
378.74
422.85
344.52
183.2
427.84
183.15
304.99
317.7
256.36
424.39
368.49
341.75
420.99
436.0
428.94
330.19
353.0
189.34
436.83
301.68
406.71
208.73
366.5
358.38
280.7
309.91
297.69
296.68
214.75
358.73
426.13
253.55
323.76
256.91
323.33
275.02
329.08
404.06
248.54
356.44
361.81
380.75
294.96
370.0
359.93
953.26
1631.01
1121.32
1653.08
1352.16
917.39
1520.96
1501.34
1040.13
1491.74
1054.13
1660.34
1463.97
1538.5
1476.84
1615.93
825.27
1043.12
1407.57
1070.65
1619.05
1592.87
1201.27
1201.66
1103.28
1627.9
850.77
1039.39
913.41
742.56
1573.98
1217.13
1097.51
780.24
1485.16
756.21
1341.54
1434.58
1595.21
1000.36
1025.79
1321.45
1300.22
667.93
1077.28
1444.01
1702.02
1624.77
851.64
1556.9
795.72
1608.46
1280.83
1522.73
1478.9
1280.78
1254.67
1395.08
761.96
1046.01
1429.36
691.34
1231.83
1201.16
1571.09
1405.53
852.51
928.79
1608.27
492.77
742.1
947.08
1096.16
1376.85
1448.49
1406.35
1577.04
993.3
790.47
1134.39
1545.25
1433.36
1302.06
1625.52
1081.1
1287.39
1131.97
850.32
1239.07
1524.03
1677.35
1393.55
1056.97
804.71
714.87
1275.07
1025.27
634.97
638.84
1108.88
1755.13
1654.18
1177.16
962.1
1542.12
1510.57
925.79
766.0
690.92
1329.87
1515.38
1333.49
1390.09
938.81
1742.7
1449.84
1716.4
1230.47
1473.44
1363.24
630.47
1072.53
1662.26
1662.91
1332.35
1405.78
1260.32
1745.46
1013.69
1661.57
674.73
1488.03
830.68
1579.4
873.2
1751.7
725.93
1587.59
1428.7
1479.41
1000.7
1513.91
760.17
1544.41
1541.86
1412.46
1512.92
1721.12
1665.14
1377.69
899.2
645.57
1448.47
1660.78
1671.82
1003.71
1553.51
812.72
1313.87
1079.13
1690.91
1633.78
1516.5
754.29
1730.34
1605.7
1356.47
1059.15
1185.02
1665.53
1466.6
1567.89
1508.47
765.63
668.67
1041.67
1557.04
1301.87
1479.99
772.98
1668.1
1005.42
1246.41
1710.81
1651.69
1431.63
1764.99
1274.7
1711.02
785.55
1441.2
1656.0
1645.78
1679.47
799.54
1618.11
980.76
1743.82
1670.44
1687.77
1263.42
830.87
1364.5
880.76
1466.3
771.17
1168.01
1467.72
1478.24
1463.93
1185.29
1372.01
1329.49
1264.18
1353.95
649.44
1060.48
873.18
1288.92
1186.97
1433.14
729.86
977.56
1505.39
1550.99
1215.7
1252.53
1551.72
1244.12
1123.51
571.92
599.41
776.83
1506.4
1438.41
855.66
977.21
533.04
976.0
1067.23
642.25
678.92
1416.72
1291.75
692.83
1268.99
1441.55
551.02
1156.09
1176.01
1494.37
1164.29
808.9
1170.05
889.47
838.25
1415.32
1486.87
808.45
808.53
932.8
1295.12
1590.09
1470.35
564.03
1598.77
1432.78
1041.99
752.49
1227.64
949.79
1285.3
1489.0
1447.61
1444.43
1128.31
1445.55
825.32
905.51
1273.45
879.44
990.31
1357.04
761.26
1354.07
987.71
1501.61
431.1
1153.22
1417.96
866.57
991.08
906.07
1440.15
1545.11
1103.73
1467.09
1022.49
1053.2
1555.87
967.04
948.34
969.14
1193.7
1143.96
965.15
1056.69
944.33
492.71
1301.06
856.34
1304.79
755.54
689.01
937.11
801.28
1041.42
606.96
1280.81
573.33
1131.79
945.13
792.17
679.31
985.88
1028.8
1225.68
1141.76
592.69
1238.22
649.63
853.3
1267.25
1190.14
981.16
1327.55
644.49
1100.26
545.67
1233.68
844.28
829.42
928.48
1061.44
713.87
1011.53
547.14
1275.04
1161.04
805.88
529.77
615.65
699.17
1112.0
1318.7
951.2
1102.75
741.47
894.53
1136.62
1067.02
985.26
1118.19
1084.18
1388.27
927.95
1113.86
1292.6
1324.0
725.33
699.64
1250.91
1344.96
1282.5
999.65
988.55
1273.77
1295.95
1098.76
857.14
922.09
981.6
637.48
733.4
980.31
846.12
1373.45
1093.27
766.7
1324.74
955.55
571.56
874.94
881.08
790.97
722.12
1270.36
1184.9
992.72
749.32
1186.08
1089.2
769.06
597.87
1224.45
597.62
942.74
821.74
1099.15
657.87
1104.76
731.39
876.17
884.21
660.88
1044.13
730.19
1376.97
1097.46
897.85
1200.07
874.25
1370.41
879.96
1057.49
897.22
762.71
1142.23
1094.74
807.27
905.19
1156.21
1144.15
800.77
622.73
1146.18
1240.02
712.98
1299.98
785.93
1164.74
1259.55
1147.77
456.69
907.33
866.11
1354.42
1308.82
834.37
928.83
1509.05
1298.38
1390.86
1384.28
1369.6
692.95
794.3
973.74
1257.29
1441.17
946.75
1517.36
1061.18
830.04
1480.59
718.41
1049.21
888.99
1089.17
1349.58
895.88
708.28
1138.44
1441.24
1327.5
713.4
1461.85
783.08
1345.6
722.7
717.71
1296.75
904.14
794.36
854.0
1545.59
1343.88
1145.25
1298.49
1303.47
1521.38
1018.89
1265.56
1535.2
742.67
1461.9
1524.18
1291.16
1181.38
1420.0
1432.63
1009.22
1503.13
1497.41
858.21
1461.78
1106.59
679.98
1118.28
1560.43
1059.4
1287.97
1327.72
1457.84
1467.29
1035.32
1286.94
1458.18
1432.85
835.02
1451.5
635.89
1488.94
728.1
853.56
1443.88
1345.93
988.44
1428.76
1244.39
1178.25
945.38
823.52
1495.71
1020.42
841.19
1541.15
1510.28
710.38
1557.37
669.55
1282.44
968.62
1151.62
1131.46
1325.66
828.67
1297.08
1568.43
1039.02
1527.07
1612.73
1638.11
1470.3
1792.74
1738.08
1553.51
1796.42
1560.45
1787.33
1710.78
1739.37
1724.02
1805.19
1737.3
1675.52
1707.53
1559.66
1699.66
1765.24
1745.43
1701.65
1554.27
1782.94
1524.08
1805.13
1618.84
1576.01
1752.33
1669.7
1725.16
1548.11
1757.29
1792.93
1603.63
1734.23
1745.36
1688.41
1774.0
1750.82
1628.34
1670.93
1782.65
1605.21
1671.71
1746.79
1764.54
1734.35
1664.82
1622.32
1757.75
1751.4
1612.86
1755.92
1699.94
1771.11
1771.09
1530.64
1695.33
1587.82
1805.01
1772.99
1808.15
1741.93
1785.14
1779.92
1784.77
1778.89
1750.94
1746.1
1602.2
1624.12
1761.08
1802.44
1745.09
1586.05
1713.95
1636.33
1709.76
1697.76
1723.81
1536.63
1620.82
1767.44
1498.23
1526.65
1768.68
1577.27
1677.86
1601.67
1760.11
1700.32
1657.5
1717.44
1611.07
1654.94
1775.4
1544.55
1679.5
1749.08
1581.16
1474.51
571.85
1619.28
1651.95
677.11
1076.31
1129.12
860.45
897.7
1534.79
1735.97
1349.76
1465.21
1660.75
1464.66
1601.48
1798.26
1691.8
921.73
1664.3
1477.62
1581.98
1563.72
1347.18
1404.47
1700.49
912.92
1605.03
1240.75
1690.29
1716.45
1327.38
1280.28
1537.75
1693.01
595.13
1587.22
1376.03
571.01
1744.59
1483.82
1077.28
844.19
1511.6
1617.07
1690.45
659.94
1578.77
1613.53
1714.33
1469.17
917.18
1486.82
1612.42
945.18
1344.54
1831.37
1579.38
1722.87
1072.76
856.32
1007.87
320.98
1349.22
1522.31
1270.17
1736.07
1585.6
762.33
1086.69
1553.55
1486.02
613.77
1620.59
1726.45
1265.55
1752.21
1002.82
1410.56
572.65
800.28
1724.34
1590.08
997.97
1240.63
1465.81
1315.22
918.13
1687.09
1597.5
1042.23
1096.93
1455.7
1552.4
1808.03
1804.99
1526.01
1258.21
1359.1
1267.24
1830.17
1767.54
1644.41
1860.85
1779.49
1831.65
1781.19
1539.76
1644.29
724.34
1397.14
440.97
1545.64
1537.24
1154.49
1151.86
1622.02
1336.76
1773.8
737.61
1319.94
1650.81
1192.36
1450.95
1482.5
518.61
1581.77
1706.8
1568.47
585.8
1431.74
1619.49
1280.03
1044.47
1708.83
1288.95
1429.89
1815.19
1470.8
1078.47
1613.94
711.42
1567.72
1022.08
1755.24
1569.37
1172.38
1192.09
1392.65
1732.92
1396.03
1356.04
1494.64
1442.08
688.88
1687.9
1062.7
1136.53
1600.77
1652.16
364.15
1051.73
1636.36
1552.23
1074.45
781.28
1720.88
1410.76
1411.95
1307.74
1674.28
1137.99
1312.86
1573.56
1664.37
1644.94
1681.07
1782.94
1738.16
1048.62
1751.51
1566.71
1540.51
1698.95
1701.76
688.06
1253.92
940.96
1116.11
1631.86
1342.04
1463.27
1476.22
789.08
1495.25
1686.52
1756.02
1558.05
1639.92
1581.91
1631.48
1618.76
1550.5
1102.64
1682.84
1668.51
1797.12
1728.48
1631.93
1686.12
1289.44
1878.71
1652.55
1743.84
1446.25
1572.47
1712.43
1752.76
1094.38
1305.2
1550.1
1787.48
1741.44
1578.81
1800.08
1087.34
947.71
1632.04
1137.64
1494.49
1034.93
1009.3
1737.62
1638.57
1686.43
1316.26
1470.85
1646.71
1602.34
1732.65
1688.9
1642.19
1509.88
1622.51
1297.76
1488.34
1739.35
1745.26
1850.11
855.38
1076.21
1659.73
1765.42
1469.92
1663.11
1688.74
1790.75
1538.65
1744.73
556.95
1639.67
884.75
1675.27
1823.77
1764.35
1433.64
1731.32
564.2
1647.2
1762.2
463.06
1689.87
1747.02
512.09
853.38
1670.05
1805.45
1514.78
1528.36
1259.77
1234.42
1236.74
1579.42
1596.57
1032.37
1763.55
791.34
999.3
1734.76
1671.33
1251.54
1656.07
935.43
1271.04
1487.56
638.69
854.93
1353.47
1734.46
659.86
816.38
1181.12
1687.07
1552.06
1228.05
1287.05
1780.29
898.54
1587.38
1594.69
836.18
435.91
1713.33
1697.16
1397.91
1542.04
1346.89
1653.77
1708.17
1709.36
1337.81
949.16
1388.98
1623.5
1738.51
885.27
1775.51
1466.42
901.39
1683.97
549.55
1500.06
1413.55
1379.07
1042.03
1329.2
1432.1
1621.76
1084.91
1757.51
1499.37
640.54
1434.47
1623.57
1604.95
475.08
591.2
1666.16
1306.48
1017.81
957.08
1509.12
1077.85
795.97
1671.69
1559.85
1464.86
948.28
1621.67
1212.35
1377.39
1805.24
979.33
1745.81
1668.83
1440.4
891.63
1664.37
1392.73
1619.2
1363.89
1732.36
1088.01
1746.51
1456.78
1864.78
1664.56
1602.9
1708.42
1590.5
1802.13
1577.64
1103.19
1277.38
1573.79
1314.76
1669.83
1624.12
1482.95
1560.36
1197.95
479.43
1346.58
1403.99
1370.95
1516.72
1510.8
1630.65
1498.13
1607.02
1478.73
488.38
1627.95
1552.72
1574.64
1700.45
1696.9
1472.41
917.83
866.02
1129.56
945.31
1517.98
1784.88
1523.16
700.67
1507.04
1735.59
1473.01
1533.7
1731.58
999.33
1792.45
802.18
1590.34
1324.15
1587.57
1603.31
1749.18
485.33
1777.33
918.95
1655.11
1292.51
1492.41
1109.06
1608.22
1085.4
775.34
1553.46
501.92
1507.28
1410.49
1610.33
1645.51
1612.49
1668.79
830.62
683.64
1655.67
1219.2
1738.2
1398.4
1148.36
1377.49
1079.0
804.63
1762.67
1351.52
1617.44
921.25
1369.7
1653.25
1876.26
1549.18
595.65
493.38
1695.99
713.07
1026.42
1684.59
1535.92
1612.74
1611.31
1723.03
1589.54
1669.0
621.21
1704.76
1610.3
1098.23
1581.41
1293.4
1374.54
806.1
452.77
828.7
1590.65
1676.94
1219.99
1059.24
1217.94
1319.88
1257.8
1697.69
1575.0
1683.07
1802.08
1444.42
1662.03
1781.09
1085.82
1567.33
1172.56
1182.33
1785.83
1242.84
1835.41
1294.61
1782.31
562.85
1355.65
764.31
1789.63
1622.06
1563.9
970.71
1529.88
1111.31
1586.04
1571.52
897.28
1344.35
1636.98
1673.13
1692.15
838.43
1361.53
1691.75
986.25
1738.62
1507.24
798.9
1392.75
1675.45
1529.36
1501.27
599.72
640.33
1720.65
1726.14
1787.26
1687.62
1591.19
1191.73
1761.87
1794.55
1654.04
1536.93
1545.45
1552.12
1683.53
1675.2
1583.57
1697.45
1750.8
1300.0
1528.0
1300.03
459.01
1442.64
1703.16
597.19
1625.99
1273.49
942.63
1563.36
1538.92
1646.49
831.12
651.86
1652.61
653.37
542.33
1627.66
1081.94
1408.75
1522.97
1526.11
1788.27
910.57
1131.34
913.74
1302.34
1624.71
1779.51
748.14
1674.62
1426.16
872.93
1507.45
1166.3
1629.61
1273.87
1607.44
952.83
1217.74
1455.73
1829.46
669.43
1709.76
1490.26
1755.35
1688.62
1633.72
1619.81
692.64
730.24
1500.13
1441.93
1638.82
1439.61
1737.73
1633.5
1735.89
1574.44
1709.79
1242.81
1720.31
1627.63
1803.27
1340.12
1266.8
1251.42
1476.07
1733.81
1076.72
1838.85
1635.18
1454.37
1549.47
594.91
1443.63
1685.72
1533.7
1555.45
1558.7
1757.75
560.76
1631.41
1629.23
1243.79
1333.39
1766.19
1617.59
1537.3
1565.06
1553.05
1745.88
1446.02
1668.05
1352.07
1463.88
720.14
766.22
1363.33
1626.43
955.44
551.37
1467.53
823.35
1116.88
1528.43
1158.07
1791.26
1820.57
1831.74
1371.21
1636.43
1035.02
726.69
1516.87
1362.39
1652.14
1539.68
1663.12
573.55
1160.5
1487.92
1715.47
1363.85
1562.68
1604.02
1767.46
1498.94
1510.09
1629.72
1723.71
1590.66
1360.81
1606.83
1550.82
1719.65
713.16
1644.59
1514.18
1714.01
1341.89
842.27
1575.46
1524.14
1652.83
1273.17
1419.59
1796.04
1770.78
1763.5
1606.11
705.72
1774.11
1267.62
1565.3
1092.04
1482.29
1545.03
1544.92
1521.83
936.9
768.13
1255.99
1503.71
1533.23
1636.39
1025.99
1202.26
1574.31
1496.85
1776.02
1644.62
1747.27
1429.76
1484.45
1076.09
1640.47
1593.06
1489.31
1582.07
1687.21
633.24
1004.63
490.96
971.91
1538.2
1062.58
1704.63
1772.21
1082.17
1477.55
552.78
1455.2
1567.43
1331.97
1485.63
963.96
1489.98
779.37
846.8
1669.89
916.43
1712.27
1347.03
1745.01
1664.16
1573.85
1754.23
1508.96
893.93
1725.45
1316.71
616.38
1508.57
778.55
1220.66
1037.96
1624.21
1171.99
1671.46
1520.29
1012.29
1192.38
998.68
973.32
755.34
1675.66
777.37
1665.58
1665.48
349.53
1705.87
1498.84
760.93
883.42
1585.39
936.49
1691.61
1604.9
1300.84
1192.18
622.93
1407.04
903.48
1280.31
1479.52
1463.07
1863.01
508.53
589.95
1857.42
1543.51
591.38
1151.7
1317.73
1566.69
1428.6
1631.42
1715.17
525.79
1634.74
777.74
1528.82
1390.62
1597.64
1489.12
1817.11
1652.85
1678.3
1592.6
1557.99
1610.46
506.17
1450.27
879.71
964.73
1756.81
1773.79
1702.86
1686.14
1053.32
1644.89
1696.69
542.33
1493.02
1250.24
635.19
1787.13
1775.01
1493.48
1051.88
1639.8
1878.9
1740.91
683.69
679.62
1262.15
1635.59
1589.5
795.7
1673.17
1179.77
1661.99
1666.93
1495.09
1794.68
1098.25
923.1
1674.33
1752.82
727.84
1438.18
937.08
1613.81
1587.88
1647.09
1494.05
1613.59
1317.57
1499.77
1592.8
1316.09
1520.04
1478.81
1026.18
1266.48
1792.69
1082.52
649.93
986.14
1413.37
1333.8
1481.22
853.84
1812.05
1533.77
1032.19
1730.37
1627.0
1300.27
1372.0
1481.0
1785.68
1706.48
1635.16
1655.23
1615.1
1463.75
1596.42
931.01
1655.65
1600.25
1749.17
1788.09
650.27
1722.7
1625.56
1315.76
1732.03
1569.82
1465.0
1091.26
1397.85
1604.9
972.45
481.49
1111.72
759.62
530.54
814.66
1016.1
744.06
474.86
1304.24
1450.83
506.75
877.79
1469.86
847.26
1487.37
1564.0
1382.09
1765.98
599.07
1714.07
1179.32
1143.46
1295.85
1619.3
1508.14
1624.16
1605.15
1712.21
895.8
1451.9
1488.8
1577.34
442.8
1619.01
1256.56
1381.11
835.99
1386.48
780.17
1562.03
1737.06
1699.71
957.56
1817.75
941.66
1023.85
1098.81
783.32
1661.07
1597.14
1744.09
1779.04
1054.85
428.0
1185.96
1467.14
1559.29
721.07
1691.35
1657.16
1613.73
1276.35
1683.98
1796.33
1020.56
1709.25
1246.72
1491.27
600.8
1293.97
1483.15
1041.67
1139.93
1723.17
1470.59
1655.89
1658.34
1436.91
1722.35
1731.83
1247.1
1621.91
1318.31
717.44
1288.02
1299.76
1582.38
816.1
644.18
961.34
929.21
1835.57
1210.84
1637.15
740.41
1666.47
1508.59
975.67
1274.41
1753.83
1353.73
1732.19
1483.45
1555.74
1806.24
1561.2
908.64
1778.2
612.58
1266.61
1538.62
719.23
1735.43
517.02
1827.99
1792.65
1633.59
1578.85
1330.14
1718.24
1774.71
1588.65
1806.33
1618.67
959.52
638.51
1639.56
1060.53
1621.89
1211.41
1647.96
1444.58
1609.23
1678.81
1693.14
830.83
1644.57
1799.69
1617.06
711.98
677.1
1263.08
1426.42
1835.4
1730.51
1696.18
1396.76
1563.81
1676.55
1702.12
1745.08
1791.49
1342.94
636.43
1462.04
1256.37
1718.09
1423.72
1755.59
806.24
1395.83
854.25
1435.81
1491.59
1282.7
558.21
1545.45
1440.24
1759.58
1416.73
1059.78
1400.29
1697.53
461.24
1089.91
1608.29
1795.26
682.26
1438.93
1798.5
1822.66
1721.02
1765.81
1737.97
1523.77
1614.64
1634.6
1313.81
942.34
676.36
922.51
1690.06
660.3
1744.64
1471.29
1661.07
1665.82
1284.73
777.8
1566.33
1556.13
1565.55
1037.22
1711.89
1384.83
1408.65
1595.14
1712.06
933.02
1249.02
1818.27
1435.06
1814.01
1642.63
1748.76
1826.12
1725.18
1635.45
1321.03
1199.44
1709.91
1614.74
1669.24
1565.0
1695.65
1073.47
1657.53
1730.63
1628.07
773.21
707.85
1811.06
1712.31
1415.22
1332.86
669.18
1644.46
1121.82
796.91
574.74
1718.28
1806.93
1177.48
1659.5
1704.64
1735.76
1364.62
1004.45
1553.02
761.5
1607.33
1011.23
1857.86
890.64
1474.67
1284.12
1413.16
1708.07
1542.76
1559.5
1229.45
1742.38
1561.67
785.0
1424.6
1527.19
1009.33
942.05
1692.67
622.09
1683.04
1288.53
299.19
689.35
1504.66
1681.9
1083.68
661.44
1781.22
953.92
816.62
1476.35
1615.06
1768.19
1737.09
1789.33
1548.8
1177.26
619.24
1825.9
1746.23
1759.52
1768.71
1326.7
714.27
1446.81
1451.48
1192.87
1751.59
659.04
887.57
1286.29
1606.43
806.74
1700.87
1697.5
1541.57
700.57
1560.27
1383.61
1534.84
1741.63
1571.12
659.98
420.87
1120.63
1665.08
1576.55
1776.29
1494.72
1488.43
1707.22
1759.85
1624.88
828.3
1299.76
1636.72
1722.21
1816.25
1566.87
1456.45
1655.99
1626.28
1200.03
1456.04
1065.71
1557.53
1750.72
1790.88
1274.78
1139.29
625.2
1620.3
1699.36
1558.77
579.7
739.91
1537.0
1752.71
1611.06
639.09
1617.84
1452.4
1085.89
1497.75
927.84
1072.87
1052.47
1386.39
1793.8
1771.24
1353.44
1029.95
419.33
1298.29
1185.94
1676.38
561.89
1119.98
1584.87
1631.6
1015.68
1347.37
1056.59
1596.77
1667.3
1828.71
785.64
1777.62
1028.88
1590.57
1807.64
1174.17
752.35
882.37
1562.97
1712.76
985.29
993.56
1541.99
636.1
1337.95
776.96
1295.35
1741.1
1552.46
1145.14
651.2
1158.1
1301.58
1609.89
906.38
1608.94
1464.35
1646.23
396.71
1287.35
1797.02
1408.92
1583.52
814.74
1718.04
575.61
1569.27
1115.42
1732.14
1824.75
516.94
1385.82
632.42
970.28
1508.89
1486.7
1289.89
1701.96
1372.4
1628.35
1150.74
1535.51
1186.63
1423.91
693.49
1581.66
1573.6
1702.71
1661.23
525.07
1608.67
1624.05
1657.28
638.81
1731.04
1754.38
1582.41
1472.96
1435.22
1515.53
1534.6
1627.11
1764.66
1725.42
1227.79
1498.58
951.88
1686.18
1493.27
705.77
1507.55
1640.79
1802.46
1583.7
1378.17
776.14
1332.85
1793.61
737.71
1739.57
1243.57
1093.78
1607.66
1736.36
1559.35
1478.76
708.53
353.45
1004.72
1779.46
1347.86
1496.48
1449.55
1758.81
1559.25
1504.74
1620.32
1784.85
1374.92
1690.3
1595.86
1768.61
809.3
1236.18
1223.83
860.41
1154.34
537.41
1656.93
1438.7
1808.21
1092.43
1230.09
1699.78
1701.53
683.56
1583.06
1706.87
972.32
1686.08
1152.56
863.44
1508.75
737.55
1741.01
1661.67
701.14
1663.05
1290.91
1611.8
940.77
803.89
876.17
1555.61
1488.04
763.58
1663.27
1671.06
1381.19
1640.01
1211.97
1103.88
1738.51
490.7
347.35
1483.14
1733.03
1274.61
1657.85
1654.47
1763.52
1422.56
1850.27
1554.33
964.8
1828.03
1101.56
1663.27
1730.62
1597.27
846.16
1748.65
1338.17
1088.74
1515.39
1484.22
1449.68
1381.87
1787.49
1306.77
1430.92
1677.05
770.01
1494.48
331.48
1757.75
1501.2
1645.07
1563.88
1263.4
1521.77
1743.91
1706.62
1764.62
893.51
1721.66
1308.65
1640.09
1431.58
1789.23
1336.51
1394.71
1480.43
581.85
451.81
1577.48
637.42
346.71
775.54
951.18
1707.6
1613.71
1731.49
1710.24
1628.28
1572.7
1747.38
1146.3
860.35
1449.41
1412.21
1383.98
1462.33
1496.08
1582.48
1862.15
1083.78
880.59
1640.95
1432.82
1532.19
1175.71
665.54
1332.03
534.04
1623.65
1212.14
1677.88
1521.97
1311.17
851.47
1520.26
858.35
1682.83
1476.47
1796.24
1386.69
1510.39
634.99
1295.2
862.51
1272.42
1644.46
695.12
706.41
801.76
675.94
535.92
1812.7
1622.54
1258.16
1155.06
850.96
922.37
1453.51
1464.55
769.0
833.82
1706.81
1714.09
632.91
1549.27
978.74
796.13
1365.17
1425.75
985.49
867.33
1507.82
1737.91
1745.31
1534.3
1635.39
1568.1
1712.62
1641.82
1506.01
686.99
966.97
1759.54
1256.35
1719.61
971.27
1133.39
1490.51
1712.02
1242.25
1653.5
1583.42
1123.19
1709.46
1413.66
588.29
1520.58
1175.72
1368.0
1701.88
1790.36
1677.99
866.97
1711.22
779.09
689.8
482.21
1613.61
1644.31
1317.59
873.5
1314.03
1809.75
1785.42
1537.53
1293.78
1639.63
999.59
1846.56
1578.62
1134.7
1768.4
1511.29
1621.74
1309.47
1638.68
950.09
499.29
1715.7
1691.23
1721.01
1291.82
1631.96
1429.64
814.09
1727.68
1691.5
1781.2
1697.33
546.73
1279.41
1513.38
1533.63
771.44
1645.6
1240.9
899.15
1600.47
1581.48
1723.15
1621.14
1663.21
666.73
935.98
1164.97
1779.48
1805.84
1649.86
1530.15
445.97
1583.21
700.15
1397.5
1317.01
1676.3
1249.44
1713.16
813.68
1240.87
1391.69
1129.86
474.59
1660.73
1826.51
892.65
1096.31
1667.07
1837.04
1061.94
1696.36
1611.82
1704.41
1556.83
1695.38
1702.06
1070.19
662.37
1530.59
1705.86
1674.41
1515.2
1624.91
1680.24
1299.37
1699.76
1666.02
717.38
966.69
1383.71
1737.76
1628.39
1661.75
1710.46
1742.37
1691.64
1864.3
1193.72
1774.88
709.27
1660.32
1687.82
1748.97
1757.07
853.14
993.4
1597.74
1686.07
1763.4
640.43
1727.31
1661.78
1605.44
1404.2
731.62
733.75
1621.75
625.93
1724.31
1644.59
1739.44
1827.52
1186.63
1760.67
1688.83
1697.4
631.85
1842.33
896.32
1474.02
1663.89
582.06
1216.19
1787.44
1847.0
1300.11
1739.04
1650.6
1002.49
1766.17
694.98
621.05
1305.42
1116.38
658.89
957.98
1160.25
1465.7
901.85
1718.39
1074.23
1750.49
1757.88
1657.2
1746.71
1661.88
1681.75
1607.05
1649.66
1618.7
1382.11
752.88
859.91
1420.84
1720.36
1691.74
1809.05
926.49
890.28
1721.32
1336.42
1857.87
668.57
1700.21
613.15
1788.58
1046.16
505.51
1398.41
1004.15
1728.32
1204.17
1764.16
1720.97
1450.44
1308.79
1760.74
1644.83
1745.48
1655.57
1423.56
1615.05
1298.28
783.94
1637.77
1413.44
1534.66
956.15
1283.36
848.53
1627.2
1610.61
1517.08
1269.36
1557.51
1730.15
649.5
1464.79
1593.26
1743.35
1685.22
990.92
484.68
1458.86
1705.27
1349.77
1672.3
644.72
781.85
1638.82
985.89
1704.16
1608.55
1318.9
1516.88
1641.23
1639.88
638.54
1094.06
1723.75
1680.17
1719.55
1694.67
1773.63
1828.07
477.07
1574.9
1730.42
1172.05
1636.15
717.65
1847.76
1295.93
1734.22
532.19
917.29
1793.24
1664.2
889.87
464.09
1688.22
1665.38
1647.58
1106.06
1404.3
1771.92
1337.43
1279.66
1795.19
1451.4
590.03
1560.01
635.91
1505.45
1327.95
1274.93
1476.47
1530.07
1742.09
1431.34
1707.46
930.18
1093.57
1646.99
655.82
1705.25
1358.05
1789.57
1335.0
1317.68
1787.2
1688.3
1434.58
1637.69
1817.73
925.99
1227.95
544.13
1634.85
839.64
1831.59
1706.24
1675.11
1727.96
498.49
958.27
578.39
1131.47
1780.19
1719.12
1820.72
1201.12
1124.81
1556.09
1561.73
1715.85
946.2
1157.23
1534.6
1326.53
1329.32
1067.06
1600.75
507.71
1002.88
1278.97
1204.64
1597.96
1608.69
1767.88
1665.87
1819.49
1726.85
1303.99
1675.9
1730.72
1740.03
1182.43
1589.01
1810.22
433.77
1714.21
1571.57
1215.92
1677.26
904.44
1762.78
1489.85
1378.31
1709.05
1544.99
729.43
1823.72
1244.91
1664.3
1235.32
847.28
1509.66
542.55
1496.79
1694.48
1000.33
1484.47
1453.93
1285.76
1011.43
1817.35
1009.71
1431.88
1661.35
1683.69
1149.16
1415.65
1641.95
1606.35
1367.75
1695.91
1210.08
1642.66
1311.51
1200.58
1244.91
616.53
704.18
1649.63
832.73
1699.78
498.66
1772.46
1567.57
1757.62
1706.24
1507.25
1723.57
1725.75
814.37
524.32
1393.92
1653.62
1009.91
1788.41
1452.95
1646.9
1462.99
1570.21
947.02
1661.99
417.32
1467.91
1376.18
1182.97
789.42
586.14
1745.83
1306.38
1634.49
1672.09
1850.77
1272.73
1704.93
1700.01
749.8
1598.84
1717.27
1621.65
1191.97
1694.28
1459.22
1656.74
1643.82
1135.04
864.24
1844.27
1505.2
1622.43
791.97
1698.28
1609.06
1450.23
1778.55
1645.98
1709.19
1468.25
1563.72
1513.12
1675.79
1500.0
1837.58
1425.96
1326.29
1547.82
1602.25
1608.72
1556.47
1664.56
1634.71
849.59
1315.78
1730.91
1607.9
1690.04
1771.18
1527.16
1234.92
1394.07
747.98
1656.6
1757.13
1479.24
1710.43
1619.99
1592.75
1672.63
1588.65
1683.78
1794.04
1758.71
1471.85
676.5
1616.96
1682.21
1794.29
1536.7
1473.61
1742.1
1650.04
603.44
725.63
1503.75
1802.19
1549.85
1765.82
1502.65
1543.09
1329.85
479.57
1786.63
1680.05
1653.9
1388.4
1385.07
555.02
1681.44
1847.38
1384.79
1511.08
1332.18
1576.51
1804.96
1543.38
1591.29
1767.14
1709.1
580.72
1060.19
1587.1
1099.42
1065.13
1037.84
1808.68
1319.14
771.63
1001.17
1445.27
1503.54
1592.84
1200.65
1458.44
1484.89
1784.61
1680.9
770.45
1646.82
1636.13
1666.13
1500.45
1559.95
1785.71
506.05
1069.53
709.48
1286.15
1703.08
866.24
1736.68
1186.28
1488.43
1708.06
1651.07
1806.8
1789.31
1832.57
1720.5
1689.33
1187.79
1805.99
1696.13
1715.42
982.78
1814.0
1723.21
1748.92
1840.53
924.18
1403.19
1482.64
1511.01
1000.47
837.97
1402.17
1627.64
1782.95
1729.94
1431.41
1623.51
658.5
1535.05
562.98
1456.94
1674.42
945.07
1624.69
1736.91
1797.88
1750.12
1604.15
526.38
1218.54
1302.51
1738.43
1762.75
1641.5
1518.3
1230.55
770.34
1344.06
1133.65
1705.9
510.96
1699.0
1688.05
1582.17
1516.12
1674.61
750.51
1646.1
1273.11
1778.51
1414.38
1760.43
1406.48
653.96
1496.23
1710.7
1532.5
1772.42
1300.47
1514.04
1786.6
1460.51
1628.98
1248.17
599.69
1593.76
1346.87
1531.0
1555.64
1050.15
1719.37
1465.14
1380.42
1537.06
1770.81
1822.63
1280.68
1396.62
548.41
1093.09
1215.04
1765.33
1586.66
1690.56
1790.39
1764.98
1525.09
1741.4
562.93
1771.39
1823.35
1652.26
1675.31
1694.6
1714.62
1096.14
1268.45
1317.09
1105.75
1474.36
1659.55
1791.57
818.02
1235.93
1543.66
1214.76
1778.47
1153.97
854.57
1761.42
1557.23
1741.05
1822.84
1768.89
833.66
1684.66
728.06
1446.58
1532.12
934.57
1518.47
1632.02
934.84
1043.62
1176.79
546.37
1298.91
1518.91
1512.68
1378.03
1662.5
714.53
1474.62
1728.08
789.53
758.47
1062.7
467.43
1607.59
1649.79
582.35
1683.53
1048.84
1335.86
1812.37
1319.98
1456.92
751.52
1645.28
1645.13
1515.12
1253.31
1599.97
1216.2
1617.55
1605.06
1419.37
1212.56
1670.18
1711.59
1720.29
796.26
1706.51
1065.13
1309.03
977.11
1837.86
814.03
1479.86
917.63
801.93
1667.38
1309.5
1151.45
428.4
1521.91
802.98
626.6
1704.36
934.56
1491.36
1269.75
1650.96
1605.69
1621.2
791.3
1618.33
1603.94
1850.06
898.81
935.27
1326.65
1224.87
518.8
1416.47
1433.46
1659.51
1738.98
1002.69
762.14
1763.8
1785.82
1703.66
1766.86
1729.37
1651.4
1621.3
960.17
1612.4
482.95
1774.21
1249.93
473.76
492.35
1526.61
1378.06
1869.59
983.74
1584.02
595.31
573.48
1552.28
1778.13
1173.89
1624.52
1763.66
342.52
1740.32
957.11
1829.36
624.42
1009.25
1328.39
1486.94
1383.11
1546.56
1760.25
1677.53
1530.32
1722.83
1260.04
1299.21
1638.62
1726.69
629.11
1763.8
1419.01
1451.92
602.84
1363.9
1287.39
1745.39
1584.94
1417.89
1530.26
1596.1
1502.73
1060.16
1576.89
1505.82
1564.17
449.26
1025.31
1417.52
1677.85
1604.97
1560.29
1781.04
1135.04
1733.26
1764.16
1788.68
680.78
1268.83
1668.13
1811.89
1109.84
1367.52
1644.13
1782.58
1730.39
1260.04
1428.48
772.74
1617.6
1441.06
643.53
1485.98
1434.18
1774.27
1415.82
1803.06
1768.72
1807.27
1822.1
526.55
1343.13
1546.02
1152.33
1737.33
1443.91
1385.32
1062.73
1445.81
1095.52
1162.36
1139.24
1619.29
1810.81
723.25
1560.69
856.94
1636.25
1192.42
1336.04
1532.75
1346.89
1603.36
1725.76
1372.64
720.94
840.73
1524.52
1642.27
1157.26
1865.64
1147.21
1696.22
1660.1
1528.45
936.85
1764.58
1616.17
1058.74
1198.41
1332.68
1236.5
1733.89
1528.56
1689.62
1577.63
1241.82
1487.55
1705.85
1575.07
1637.47
1564.19
1775.79
1370.11
785.65
1429.25
1634.64
1659.97
1717.11
719.36
1543.5
1613.53
1673.81
1815.27
1736.78
801.05
1636.4
1645.1
1779.18
610.97
1778.97
683.74
1734.16
1752.96
1684.32
863.96
648.05
1365.75
1526.94
1192.28
1699.29
1398.19
1756.0
1771.5
1231.01
1757.04
1620.06
1794.76
1337.91
532.91
1541.17
825.41
1751.1
1684.43
854.48
1569.0
1424.7
1383.77
1656.26
1194.57
1666.26
1758.34
1205.47
1706.17
1543.27
1363.69
1747.7
1433.99
1205.24
1747.76
1610.38
1099.1
1188.44
1414.71
1484.15
955.34
1329.64
1748.19
1114.95
1430.1
1488.99
811.95
1600.62
596.32
1014.64
1520.75
1626.6
1065.17
1294.87
1684.16
1671.54
1573.0
845.13
1646.76
1058.5
1321.68
1358.61
695.46
449.0
1498.94
770.76
1576.44
1619.9
1584.12
1537.19
1588.74
1744.01
1350.72
1593.57
1102.23
706.26
1574.68
1693.86
660.12
987.68
614.15
648.08
1677.69
1689.68
1328.38
1052.93
487.68
547.08
1685.06
1485.77
1003.11
1412.46
1414.92
1472.82
1666.54
1753.61
1320.86
1461.21
1348.96
1408.76
1665.83
1398.02
1145.47
1615.07
1690.31
511.47
1608.59
1531.03
857.0
1716.14
1401.85
1645.35
1089.43
1734.95
1057.7
756.68
1603.01
1063.91
1268.56
873.99
1471.12
1371.83
1078.46
1681.87
1713.05
1479.63
456.94
706.93
1664.35
1595.66
970.76
1326.59
1576.69
1580.33
1602.87
1634.19
1256.35
1450.29
693.54
1419.13
1284.72
536.87
1121.01
380.64
1354.68
925.88
943.33
1753.73
1586.77
1469.59
1098.9
1507.8
1572.19
575.91
1443.23
1745.89
1347.62
493.96
997.83
1574.03
1791.23
1682.98
850.39
1696.52
1436.48
1381.58
684.72
770.19
1484.61
1615.11
1648.31
1670.34
1717.94
1731.38
983.78
1384.92
1766.14
1633.1
1419.33
1823.76
1069.25
1644.04
1685.62
1768.42
1584.66
1461.0
1669.4
1197.03
1017.57
1552.5
823.61
1772.28
1635.72
1505.01
1304.84
1697.98
1589.36
558.46
685.57
1608.72
1795.25
984.71
1466.19
1546.51
1775.31
1662.18
1762.61
1547.2
1235.05
1331.9
1584.75
1695.57
991.64
1710.49
965.96
1464.08
1590.4
1705.53
1748.65
1552.65
1279.5
1786.11
1723.46
1353.85
1654.35
1761.57
1652.81
1729.16
1378.74
1631.88
1607.2
1635.09
1697.08
1633.27
670.08
885.67
1579.8
1221.47
1816.16
1596.49
1632.52
1365.41
1271.02
1683.37
931.15
1169.03
787.0
1743.61
1092.11
1825.47
1557.92
1118.99
1463.12
1052.93
1627.1
1090.42
1715.09
1859.93
1349.56
1786.23
1110.42
1734.56
906.05
1679.65
689.71
1292.92
1633.44
1213.91
1130.03
678.11
1713.61
1594.18
1665.5
1792.02
1873.23
1442.47
1803.63
1494.43
1531.15
1669.72
1585.81
1070.83
1515.16
1511.82
1231.69
1181.97
1471.32
751.51
1507.23
1762.64
1607.48
1427.19
1722.58
1569.85
1687.3
1734.61
1312.7
1531.61
1236.32
1128.94
1076.33
406.75
1848.29
1629.24
1751.97
1696.99
1719.54
524.12
1775.45
1279.44
895.02
1487.77
633.35
595.67
1799.95
1135.26
553.5
1350.51
972.53
1692.76
768.31
474.71
1014.38
1506.71
1208.94
1662.26
1610.29
1144.84
1836.71
1477.63
1770.69
1679.13
1681.84
1455.79
1137.69
1571.6
1697.93
607.27
973.19
792.12
1635.66
1745.32
892.92
1541.1
910.3
1042.33
1707.49
1403.26
1621.35
735.35
1655.64
1679.34
548.76
1743.75
1561.74
685.88
1766.85
947.81
626.53
1793.15
1576.42
1692.38
1453.71
1257.95
1275.36
1412.52
1792.19
1607.48
1606.54
1696.14
1404.72
1537.24
1226.45
1633.69
1451.06
1463.33
1738.21
1662.22
1646.21
873.92
1751.62
1331.03
753.93
573.6
1267.62
1458.17
1588.85
788.13
415.41
1770.52
1518.25
1644.41
1706.92
1358.3
1613.43
1189.8
1714.23
1054.78
849.61
1226.38
1348.8
1197.81
821.6
889.48
1596.33
1676.83
1794.75
1782.97
1508.47
1761.4
1274.67
1398.43
1584.06
1758.09
1402.06
1750.97
1374.17
1726.65
1590.88
1637.08
1576.64
1709.34
771.55
664.0
1703.02
1695.83
1150.3
1206.48
1311.18
755.83
1597.09
1646.58
1286.2
1701.06
1388.25
1643.03
433.18
607.21
1633.17
1664.02
628.3
1707.24
1001.09
875.34
882.44
1561.94
1532.04
1666.46
837.15
1296.2
1637.23
873.18
1598.11
1470.65
582.11
1288.33
1779.19
1838.79
1529.89
1628.41
1565.97
627.65
1703.16
1679.24
1595.71
1611.24
1343.5
1654.16
1376.36
1725.58
535.65
1512.85
591.97
1010.62
1757.62
1605.7
1390.36
1760.47
631.17
1150.51
1649.65
1286.65
1683.67
1517.01
1663.41
787.88
1343.87
987.45
723.3
1750.52
1252.66
1639.03
932.53
1663.84
1336.14
1726.58
1234.09
524.49
1712.06
1659.8
1407.47
1265.68
717.6
1820.73
906.45
684.31
1691.95
1171.21
1388.5
447.9
1754.64
666.41
1495.27
1441.63
1590.86
511.25
1591.71
1782.2
1688.93
1774.49
1711.87
915.85
1554.16
1783.11
1653.42
1555.57
1751.42
1800.49
1200.38
1541.54
1637.62
1318.64
1802.46
1580.37
1118.5
1114.41
1255.94
1618.46
1201.82
1025.99
1714.45
923.29
1752.44
807.91
877.0
1714.33
1702.82
1682.39
1196.48
1730.91
956.87
835.18
1398.04
1356.49
1706.75
1728.93
1347.28
1367.69
1026.58
1792.81
1303.33
1285.64
1169.96
1669.82
1679.55
751.6
1598.45
1552.43
1742.45
1664.21
733.01
1169.23
1779.42
1203.53
946.03
1680.22
1498.73
1262.71
1680.6
1241.95
1588.83
718.37
1742.29
1317.23
1710.37
1776.51
1646.16
1717.86
1253.08
1359.97
1234.74
1733.01
944.06
1559.85
816.14
665.05
1354.38
1624.25
1668.3
1603.21
730.69
469.06
1432.99
1557.04
1848.21
1031.19
1399.24
1249.1
1717.61
1639.01
1746.79
1557.62
1678.2
614.69
1607.75
1577.11
1521.0
1700.16
745.27
1504.95
1565.66
880.43
655.06
1642.35
589.44
1590.83
1815.15
1557.19
1723.01
1410.53
1405.09
1832.59
366.4
1563.45
664.45
1355.49
487.25
1131.33
1622.27
1588.89
547.26
1515.35
1654.38
1507.49
1701.47
661.59
1674.11
776.15
1669.75
1531.12
1744.7
1444.24
1724.17
1627.33
1625.26
1481.23
1707.85
788.6
1645.36
1588.18
1171.43
1021.98
1607.91
1567.53
1506.61
335.68
1819.46
1821.75
880.65
1148.29
709.59
1764.89
1124.49
1084.42
924.32
851.73
1512.85
1556.57
602.18
845.66
1747.84
1426.32
1671.43
1464.46
1805.42
1302.13
985.32
1360.77
1139.76
1644.58
627.97
903.89
787.69
777.15
1466.49
1192.72
1259.73
1366.86
1285.32
1720.82
1488.95
451.72
1533.68
729.19
556.68
658.42
1327.01
1685.11
840.5
1561.79
1594.38
1336.79
992.82
1134.42
1553.88
947.38
1609.12
1753.96
1361.7
1608.71
1432.9
1636.47
1644.5
1517.14
1579.24
631.15
1403.43
1152.89
1583.73
1033.94
469.06
1653.84
1327.12
1777.99
1367.21
1698.03
1780.43
865.27
1528.2
1007.84
1137.13
1596.57
769.21
1438.98
1064.24
1600.28
1263.8
1584.88
1510.66
1475.02
1615.34
1648.45
1466.23
1559.34
903.16
1693.29
1162.86
1667.5
1054.21
1523.7
1681.26
1745.88
1367.63
1193.09
1354.46
1454.97
1730.29
1417.02
983.3
1643.28
1467.81
1540.98
1687.39
1646.14
1747.5
1501.76
1787.21
793.81
1716.43
1647.17
1307.37
518.0
1307.19
1866.09
1382.72
1160.44
1465.02
1608.88
1553.81
915.29
1705.44
1717.84
464.4
1633.18
1557.65
1576.24
1711.09
997.97
1322.86
432.36
645.11
1529.36
1557.31
1622.08
1597.71
1598.19
1183.84
1357.11
1470.81
1801.06
935.82
1568.97
984.6
656.89
946.79
1601.03
939.45
1682.05
1115.14
1708.27
1740.57
1612.01
1601.42
1172.54
1577.48
1331.82
1757.72
1596.28
1753.56
1248.7
1441.69
1790.58
1549.52
1358.46
1150.38
1015.14
1425.31
1529.95
1070.05
633.21
1443.36
1669.83
1548.06
1614.65
1129.96
1712.32
1584.84
1662.2
1670.72
1606.44
1442.76
738.15
1098.14
480.74
683.69
1454.8
1637.96
1583.15
1631.14
661.87
1229.43
1185.43
1041.89
1222.55
1461.41
1699.18
1033.76
1066.01
1682.18
1736.68
1388.78
1433.59
1856.77
1690.02
1771.75
896.15
1332.63
1517.65
1396.61
1358.2
1404.43
1695.2
1392.32
552.0
1502.28
1610.28
759.27
1366.32
1034.66
861.09
1518.18
1482.19
1437.79
1199.1
1813.37
1817.27
1741.71
1803.38
1468.13
1604.45
1286.61
1810.94
1686.78
1525.39
1787.15
1760.76
1764.96
647.12
1180.91
1196.61
1374.1
1816.4
1273.76
1295.23
1414.09
842.19
1597.82
1263.01
1155.48
1319.89
1611.71
1508.91
1681.36
1795.56
1692.6
1672.58
1016.94
1643.68
1000.7
1691.19
1770.59
1239.35
1435.68
1729.43
1248.81
1572.36
706.56
1788.9
1854.58
1083.79
736.95
728.59
1190.57
436.22
1256.65
1155.95
1665.83
1739.12
1574.22
1438.52
1629.13
1750.55
1135.28
1209.05
1662.06
1529.79
1441.2
1374.04
1759.99
1392.87
1653.36
1154.78
1277.85
1541.3
1648.0
1339.13
1806.04
1428.46
1075.42
1481.0
1487.99
1652.79
1728.29
910.96
646.32
1574.96
1197.23
777.92
1559.32
1572.94
1402.35
1552.96
1590.45
928.71
1215.16
1274.67
1598.11
564.76
673.89
581.62
1764.93
1657.04
1255.09
1696.24
1516.42
1465.19
1782.42
1436.33
1392.98
1600.91
1681.09
929.01
1622.89
495.47
902.21
1751.2
1747.84
1199.58
1560.55
1084.37
1395.59
1603.4
1453.49
1771.13
1235.7
1776.62
1692.21
1606.2
1759.2
1359.11
894.9
592.61
1821.21
704.34
1325.81
1674.91
1696.73
435.56
1681.76
1267.85
1454.08
653.76
1582.41
1782.34
952.93
1742.33
1191.41
1848.17
1684.42
1375.64
1001.93
1577.99
1225.55
1687.89
1715.32
1210.57
1316.4
1040.59
1361.93
1531.41
1537.57
1125.48
1617.96
1369.59
1790.37
651.39
945.62
1767.94
474.23
651.22
1547.55
780.45
1783.59
1357.13
1429.01
1374.01
1447.63
1545.16
1783.01
1753.33
894.51
1504.73
1677.89
1693.84
1343.68
1192.83
1746.85
1444.48
1407.43
1685.43
1847.16
1423.51
1143.06
1790.86
1039.92
1101.66
1664.94
1587.18
1430.05
1793.61
1718.68
1489.64
672.28
1747.42
1488.03
838.81
1695.45
1695.8
1699.94
1516.3
1289.16
669.3
1633.86
1797.22
1757.68
1598.0
1154.52
754.99
1551.64
956.1
703.56
933.63
1719.39
1352.58
1859.78
1055.87
1787.02
1714.18
1413.32
642.97
1694.13
1687.16
1314.45
937.42
899.66
1491.15
1390.44
1274.33
1122.33
1031.17
1608.63
1551.73
1711.99
1572.83
1678.28
1759.01
1642.01
1651.71
883.3
1339.12
831.35
1812.54
1725.52
1578.22
1746.57
1528.32
1411.71
1842.28
1624.29
1437.47
1556.1
1574.51
1779.87
1365.43
1619.37
1490.06
789.02
1531.22
1135.68
513.93
1165.69
1612.66
1785.34
955.93
900.6
1221.57
752.92
1723.12
1673.84
1707.58
1507.84
1468.77
902.93
715.6
1258.68
539.29
1714.7
683.33
1706.75
828.69
1600.22
1177.14
1509.99
1701.86
1429.3
1743.33
1662.27
1295.63
1617.37
898.16
1538.89
1660.49
906.69
930.37
1586.58
1704.42
433.83
1634.24
1710.51
1393.31
1697.01
1680.32
779.89
1681.23
557.93
1353.14
1589.24
1697.21
1638.61
1747.0
1475.43
698.35
489.29
1542.33
1279.36
1066.15
1079.04
1165.92
1755.22
697.57
1807.48
1722.96
763.23
886.98
1374.75
1476.44
1326.06
1054.01
1805.31
1738.43
1073.95
949.35
823.8
1577.57
893.5
701.25
1429.58
688.23
1799.37
1018.17
610.18
1803.67
1673.07
1702.49
1626.21
1290.04
950.55
1720.27
741.51
1699.36
810.06
1418.3
1590.94
1395.82
1631.44
1689.6
1670.26
1520.47
1472.66
1760.21
1425.34
692.22
1775.45
1562.73
1476.13
1617.57
1716.85
1801.79
1003.04
1331.48
1335.37
1614.39
1459.58
1498.92
1750.85
710.19
1402.5
1544.71
1625.61
1210.72
612.01
860.0
1546.43
1652.78
525.99
1524.41
1674.15
1511.53
415.67
1795.62
911.54
1678.94
586.86
1372.48
784.39
1369.67
1503.09
1341.22
567.54
1741.9
846.59
598.2
912.15
1194.7
912.37
1663.42
1541.01
1320.93
1694.29
835.34
1391.51
1623.87
1739.11
1030.86
1201.33
519.69
817.0
513.49
1572.13
1530.64
1442.12
1272.37
1009.52
1378.18
593.41
1419.24
727.0
942.89
1352.37
1690.87
1758.45
495.16
1745.35
1677.19
1730.45
1548.98
1655.0
1432.01
1715.79
1744.45
771.71
1323.01
1425.35
1527.78
1542.83
1398.72
1743.58
1435.08
1660.95
1490.02
1727.69
1814.76
1731.45
1139.2
1715.1
1788.0
1278.53
1626.88
736.12
1743.14
1681.79
1402.21
1541.92
1532.82
1216.17
1541.77
1730.6
1309.54
1497.87
684.07
1442.17
965.75
1406.69
1384.01
1569.57
1666.15
679.34
452.83
1756.23
1663.96
770.61
1698.29
1435.01
1683.7
1822.23
756.64
1531.56
1750.84
1481.51
806.97
1728.39
1733.68
913.23
723.22
982.62
1660.75
954.12
1834.43
1663.39
1627.46
1636.99
1772.01
653.74
1562.84
1627.13
1302.32
852.25
964.6
1377.12
1675.44
1647.29
498.71
888.37
1622.53
1573.91
867.99
1821.06
1036.01
651.22
1471.03
1509.59
1761.13
1588.37
1363.01
1446.06
1625.75
1385.99
1542.76
1252.38
884.15
1504.09
1012.95
1686.01
566.09
1637.32
1480.29
1715.4
1669.71
1871.28
964.13
580.06
1658.98
1526.16
1806.52
1627.79
1436.12
1684.95
1196.02
1136.38
1600.24
1172.33
1417.23
1614.72
573.17
655.91
1753.89
1684.44
900.68
873.17
1389.57
902.77
1469.74
1750.27
720.36
1795.06
1433.28
1787.64
1548.26
1777.5
609.86
1350.54
1604.1
1198.81
1602.35
1237.99
1212.2
1543.55
1398.13
1311.0
1746.25
720.46
1279.5
1169.29
1353.44
1706.41
809.03
1416.59
1641.93
736.78
1387.92
789.77
1215.55
637.87
1737.68
1786.43
1408.94
1691.15
1402.56
1090.06
897.05
1681.8
782.62
1557.46
1288.89
1562.22
1324.31
1569.8
1130.54
1407.37
1361.38
566.7
1578.47
630.22
1474.73
1766.31
1481.08
1681.91
1351.58
1017.74
1751.15
560.71
1609.22
703.51
1553.94
769.04
1477.56
1400.72
1602.74
878.24
1635.88
1211.99
224.16
1177.63
831.35
1621.53
1632.27
1743.13
1757.81
1813.32
1454.16
1533.99
1128.13
1176.18
1653.78
583.31
623.74
1813.97
1145.84
920.77
1648.4
1573.09
1056.01
1829.5
1651.38
1032.7
1631.47
1704.32
1731.15
1659.88
1568.98
1599.96
1106.01
1298.37
779.71
1728.24
1605.12
1406.66
1687.02
775.59
1549.22
1545.71
761.11
1356.18
1284.61
1507.76
1809.35
1495.38
1407.05
1628.48
867.88
496.27
1068.78
1445.52
1587.99
1155.31
1313.16
1806.62
1353.51
1738.15
1077.25
1147.5
1344.35
517.56
1492.31
1368.14
1336.48
1487.25
833.66
1318.37
1245.32
754.49
1667.79
1715.44
951.65
1778.94
1635.78
1305.48
678.85
1416.09
981.35
736.0
897.43
1722.49
398.65
1617.24
1144.46
1649.97
1480.01
1722.33
1199.19
1392.18
1509.78
545.03
1698.27
1107.27
1569.41
1679.26
611.0
1678.74
1213.02
1739.59
1693.52
1555.52
1691.86
1262.08
1525.54
1375.73
1297.9
1540.2
1739.06
581.89
1181.9
1019.17
827.9
1574.32
710.98
1046.45
1779.33
1483.35
833.84
563.72
1531.21
1107.77
1215.54
1343.04
779.12
1760.35
1359.12
1759.1
1163.03
1704.17
652.56
1540.31
1472.61
1699.69
1456.71
1468.87
1377.51
1620.72
1658.09
1302.88
1677.58
1769.25
1709.39
1083.31
1620.33
528.56
1531.08
630.38
1416.4
1626.37
1127.53
1510.3
1218.31
1685.29
1807.64
587.74
1556.5
1588.03
1136.86
1321.05
1317.34
1672.63
1575.98
955.73
1736.53
1718.24
1616.95
1592.08
1586.94
1344.09
1572.02
1082.17
1534.88
1433.61
774.02
1806.57
1804.14
1450.66
1268.51
1774.99
695.37
540.63
964.54
1648.92
1388.47
